1000
30 29 57
32 27 27
87 63 16
55 71 46
77 83 32
16 15 64
25 40 82
8 64 34
66 43 12
1 54 73
6 53 79
42 35 78
3 53 40
0 54 4
0 33 60
36 69 53
91 59 33
80 74 70
96 55 72
8 78 93
43 99 74
100 91 95
63 42 23
9 78 90
54 28 35
74 35 78
57 64 92
25 17 18
90 48 65
11 97 8
24 81 77
87 81 48
17 17 24
33 6 28
49 32 95
28 46 55
34 68 35
46 65 73
98 4 46
93 21 57
18 75 8
81 40 43
55 84 13
8 34 45
68 23 60
74 83 52
16 10 4
95 29 87
21 94 36
23 24 41
65 88 97
48 46 58
39 68 98
47 52 75
46 4 73
0 10 42
99 70 86
97 24 78
66 22 24
55 94 1
39 81 80
41 97 68
87 78 17
10 34 82
23 68 11
11 5 82
2 64 93
83 62 4
49 43 41
31 10 68
30 94 18
8 88 1
76 45 72
36 60 91
45 24 7
15 29 66
67 43 20
4 90 64
61 71 58
20 73 83
13 15 75
61 34 14
86 15 32
88 5 55
83 77 98
21 84 62
96 33 27
100 28 10
98 28 93
48 100 27
65 39 45
19 78 93
95 95 17
95 62 96
55 3 20
76 87 22
6 97 77
30 5 55
93 6 84
70 57 74
46 38 10
59 75 48
93 94 28
41 67 73
97 10 91
69 82 83
12 25 45
91 63 31
96 100 18
59 60 85
45 12 15
72 15 93
75 76 37
47 39 84
85 73 67
27 69 53
20 41 6
25 23 43
0 71 40
67 73 45
36 32 85
75 91 13
85 9 98
84 90 42
55 48 15
51 22 21
77 89 85
61 6 25
52 36 12
2 20 12
1 7 59
95 61 13
16 46 80
19 8 1
96 95 29
2 47 93
89 8 11
30 64 56
7 55 65
4 45 66
91 10 57
22 88 73
54 6 54
43 54 4
72 98 89
2 9 3
38 18 74
42 67 86
90 93 62
76 84 67
98 96 13
27 63 72
68 88 23
19 95 1
28 96 15
32 47 87
97 58 73
41 32 82
36 98 27
25 69 7
91 9 77
4 92 13
95 88 7
54 8 62
99 62 71
41 54 55
7 25 48
21 17 22
100 6 94
63 47 47
55 80 45
7 55 85
80 94 17
27 23 13
0 44 99
25 76 48
18 28 91
49 35 2
37 33 85
40 29 7
90 16 86
14 65 87
26 26 94
64 38 29
97 44 60
1 12 64
19 61 77
46 13 25
25 2 9
32 71 93
4 86 31
46 60 37
84 58 56
25 55 35
79 6 20
43 82 18
16 66 92
75 93 5
4 95 82
28 74 83
49 18 95
79 91 11
15 19 12
95 53 33
88 45 37
6 27 73
76 10 62
5 4 81
15 12 1
54 18 72
77 28 9
7 84 22
98 41 60
41 85 37
72 83 63
6 37 12
28 95 81
51 72 5
46 83 61
98 85 38
76 70 22
36 42 44
25 93 2
3 75 98
41 20 71
23 21 97
85 93 63
75 33 74
60 68 69
35 72 76
98 85 64
25 54 15
73 79 96
48 38 28
45 4 63
82 42 37
44 35 57
37 77 96
60 87 90
38 42 11
76 41 73
97 14 17
28 9 52
13 68 39
100 61 33
77 88 1
70 44 46
71 87 7
84 32 46
4 99 34
32 46 61
5 92 68
76 58 19
31 30 58
23 34 79
79 6 30
65 18 82
81 8 37
16 54 82
14 72 37
1 90 31
85 33 65
6 54 76
72 40 83
36 65 62
52 69 42
19 25 7
73 81 29
57 28 81
83 39 80
74 24 4
36 86 34
95 59 36
59 8 29
48 39 20
44 52 32
80 15 95
100 89 79
58 86 97
77 75 10
38 18 100
50 58 100
76 77 73
37 56 98
62 46 8
97 96 54
87 66 72
47 68 48
44 52 32
55 58 79
19 67 40
15 87 67
48 55 54
40 76 92
20 60 5
66 96 69
43 47 33
100 37 76
96 10 58
36 17 39
0 42 24
46 100 56
18 66 28
54 70 59
80 5 56
33 18 17
28 89 30
2 76 15
11 99 92
82 56 91
79 87 63
44 60 67
14 33 90
73 67 79
8 7 32
47 92 81
23 1 19
10 9 17
95 33 26
91 86 25
4 25 17
50 36 93
13 45 52
56 6 32
61 18 70
65 81 74
23 65 87
9 77 77
17 55 29
84 70 75
3 98 22
43 48 99
60 52 78
55 55 17
56 82 23
60 81 83
86 23 47
77 41 62
99 92 60
16 11 38
52 56 84
13 63 44
9 67 78
60 81 24
87 37 36
100 31 11
37 65 24
2 86 38
0 39 48
73 29 39
38 13 28
19 71 93
100 54 94
99 41 62
58 36 22
38 31 43
16 97 9
49 37 81
96 46 59
22 34 52
100 76 79
22 21 46
29 2 60
29 21 89
100 89 96
76 27 10
35 62 33
78 84 95
4 42 74
21 60 67
56 91 37
42 63 85
20 11 46
54 53 91
96 2 72
78 71 68
22 89 58
7 72 10
44 4 23
16 58 27
12 55 55
52 68 7
50 66 61
60 34 72
50 78 61
35 99 22
65 77 76
25 74 22
75 37 68
58 12 24
70 91 100
68 31 60
31 15 100
85 55 91
56 87 92
10 37 85
1 42 57
86 89 75
51 52 94
16 35 59
91 2 12
75 69 6
14 10 10
17 75 28
90 14 81
50 27 13
49 11 58
81 4 75
44 5 97
99 10 38
21 52 78
79 40 83
49 78 52
77 65 16
88 17 98
50 22 62
14 59 83
8 61 41
1 22 6
36 93 63
17 43 82
5 20 37
25 68 86
1 45 6
37 59 59
32 15 55
43 58 83
84 24 17
90 24 63
99 13 4
11 10 80
25 85 66
82 2 69
5 97 10
2 35 88
84 26 67
67 43 16
35 55 63
46 13 17
84 71 12
40 79 88
59 43 87
94 75 65
83 77 15
13 46 10
30 65 81
24 60 67
14 19 22
98 22 42
64 76 28
10 38 38
61 11 30
75 53 41
75 18 61
82 94 57
70 29 55
89 21 73
56 65 95
41 9 44
94 53 82
17 46 54
20 46 63
25 24 95
86 82 81
61 58 61
100 55 38
79 8 72
97 82 93
36 4 21
45 39 23
70 15 34
76 85 40
92 38 94
18 89 10
83 53 23
39 42 75
54 84 33
64 82 82
13 42 34
56 57 34
82 97 70
31 11 98
0 53 42
52 79 95
34 92 25
12 59 63
33 70 76
86 54 55
44 33 42
10 33 33
74 32 14
22 97 31
61 38 36
79 74 13
65 48 46
69 96 3
58 91 89
77 18 99
60 86 100
54 98 4
35 29 87
86 75 33
19 57 99
23 66 83
78 100 69
57 76 70
90 37 82
13 55 55
33 17 14
35 16 42
7 38 80
59 75 32
100 35 40
8 13 21
57 48 78
60 57 42
7 54 41
53 28 74
27 65 77
31 83 25
50 95 41
44 31 91
18 18 95
55 32 37
11 69 57
96 97 9
48 48 69
62 17 11
34 44 71
91 74 34
17 78 67
61 95 87
47 71 80
70 59 36
22 42 25
69 18 21
13 15 91
90 78 19
96 31 25
23 100 5
94 7 87
5 77 3
55 36 81
59 96 91
95 52 21
28 43 83
70 88 73
58 58 81
54 13 86
7 83 47
64 25 83
60 5 38
55 37 9
81 38 96
66 69 9
54 7 5
25 43 2
66 30 100
12 8 16
27 86 68
25 43 87
38 36 53
35 73 75
38 10 22
8 3 76
4 99 54
87 28 17
40 31 94
20 28 98
5 5 86
18 22 25
34 44 91
57 66 7
87 63 13
65 91 93
36 64 15
91 10 23
37 24 17
57 53 73
24 84 57
13 47 81
78 31 43
91 65 22
19 15 33
85 86 56
74 27 60
44 27 57
43 81 99
15 70 53
77 21 90
56 61 7
60 98 27
91 77 4
14 30 25
93 8 68
100 1 1
69 39 59
0 55 55
64 15 25
92 3 36
38 91 22
42 58 87
44 68 69
41 12 92
57 76 73
11 92 53
54 36 40
54 86 32
90 72 20
0 65 91
100 84 31
85 71 33
100 68 14
35 87 31
5 47 9
41 26 27
28 81 52
46 13 67
10 55 27
79 37 2
39 12 84
92 80 87
3 83 27
13 78 5
45 62 57
19 13 36
53 80 34
61 9 64
34 29 29
53 70 66
54 84 77
75 97 39
20 73 91
13 62 100
25 61 69
53 52 65
85 84 21
24 1 68
14 46 40
76 23 47
56 35 42
75 96 31
91 63 85
38 100 15
32 10 75
61 56 2
52 39 2
75 52 73
52 10 20
12 39 71
66 75 25
46 54 18
17 53 33
60 2 68
86 33 83
90 22 23
42 33 8
95 24 55
87 47 83
89 48 39
16 66 96
4 57 29
26 54 1
59 78 24
83 25 47
33 35 34
61 65 100
39 62 18
21 89 97
48 86 21
49 34 10
48 52 2
0 34 29
4 87 25
57 71 100
85 16 71
91 2 11
79 48 76
83 41 63
2 42 20
17 8 18
43 97 35
84 48 1
96 28 17
79 26 26
17 31 57
10 22 55
19 7 99
94 62 11
100 91 42
99 8 47
78 56 13
67 19 16
44 19 7
94 30 1
0 15 62
2 1 3
15 14 85
16 96 54
35 68 35
86 22 44
99 97 98
79 31 94
89 74 71
52 33 14
47 66 68
30 41 28
22 14 70
98 55 70
66 25 14
78 12 26
96 74 56
13 64 55
7 52 70
100 89 76
97 18 34
95 82 27
19 53 6
84 53 47
42 33 100
19 77 96
12 3 26
98 6 75
7 84 93
89 99 82
60 29 94
27 23 72
19 90 69
63 39 40
95 22 15
55 82 21
15 48 19
10 34 81
96 23 25
5 19 45
38 15 17
55 77 36
1 28 70
75 55 81
70 35 40
28 14 70
69 96 28
47 1 94
17 89 70
61 53 3
8 67 44
81 3 94
92 7 98
69 91 72
19 87 86
62 87 92
81 16 88
99 91 5
29 35 24
67 10 77
62 67 78
21 6 39
79 88 11
7 29 92
82 28 71
23 58 58
29 42 62
6 10 20
71 52 15
76 9 32
54 72 3
27 39 58
8 87 8
30 9 85
56 83 72
28 44 77
1 23 57
10 86 69
25 18 17
33 44 96
5 85 97
83 27 46
18 56 55
48 77 79
6 90 7
59 98 12
57 59 38
61 30 32
71 59 9
98 100 65
66 98 21
61 85 22
49 73 97
35 71 80
31 37 19
20 62 88
65 69 32
12 88 91
49 2 81
49 47 74
5 74 9
40 87 59
67 48 15
38 73 58
28 12 87
47 32 85
71 8 8
80 70 89
90 67 82
72 96 80
13 98 74
18 82 44
35 45 55
63 5 13
34 9 32
36 41 40
75 31 59
93 62 88
59 30 79
20 56 46
11 78 3
99 3 95
34 59 57
1 87 21
55 82 52
73 9 85
91 48 60
59 30 95
34 14 7
28 75 45
67 60 11
97 70 4
24 57 9
84 98 55
10 32 14
31 47 82
91 83 54
59 19 85
59 31 96
66 89 30
62 86 17
20 56 69
38 27 52
57 27 68
72 9 77
51 65 58
69 26 21
14 60 30
66 90 100
63 73 6
22 15 99
38 55 3
70 25 2
48 16 37
51 16 84
34 66 96
22 41 17
40 29 19
66 16 67
43 9 84
9 3 8
38 3 52
87 21 91
0 89 69
87 20 40
58 63 62
34 67 6
1 52 5
17 36 76
84 38 75
5 98 52
35 9 73
3 38 18
91 77 63
68 47 78
77 75 53
41 35 64
80 80 99
68 63 40
12 33 57
91 96 80
34 74 94
90 76 61
1 97 39
97 37 34
59 22 76
27 61 19
98 57 37
37 13 100
3 89 85
26 20 90
22 28 37
69 74 98
43 24 79
29 71 99
64 88 26
98 42 24
30 5 25
30 83 16
28 53 36
49 42 78
38 92 85
82 86 16
93 54 6
26 4 85
66 15 25
74 35 91
31 9 89
100 17 30
31 46 91
12 98 95
31 90 6
79 69 11
14 12 58
25 63 58
85 85 34
49 22 17
59 83 100
47 88 70
59 82 94
71 81 41
71 28 4
77 83 58
13 99 9
67 53 15
24 64 84
84 75 56
57 87 8
57 41 42
71 35 27
76 78 55
71 83 38
89 48 41
68 6 13
100 33 89
9 10 84
28 16 5
42 8 52
75 28 25
4 78 15
81 58 33
37 87 8
31 20 6
69 3 81
17 37 79
70 35 42
100 31 47
99 99 99
0 20 21
68 76 65
93 73 87
11 45 47
78 23 25
97 44 64
17 69 21
53 5 47
32 98 7
95 92 84
29 37 5
25 65 34
56 44 57
73 6 68
100 97 2
87 37 39
47 2 34
53 100 79
18 95 60
55 47 53
29 75 87
93 73 82
20 46 39
29 72 80
32 14 83
12 7 78
13 35 36
97 88 98
42 93 63
51 26 61
83 83 38
58 27 76
96 44 13
29 94 95
13 21 19
91 47 20
21 61 42
95 11 94
0 68 90
37 26 33
53 61 85
78 12 41
2 77 57
21 66 14
63 38 11
68 88 5
76 47 70
68 23 92
46 25 23
45 38 11
3 40 45
87 70 20
51 7 31
56 80 4
14 98 61
58 20 22
0 27 62
